0 | 0 | 0 | 0 | 0 | 0 | 0 | 0 | 0 | 0 | 0 | 0 | 0 | 0 | 0 | 0 | 0 | 0 | 0 | 0 | 0 | 0 | 0 | 0 | 0 | 0 | 0 | 0 | 
0 | 0 | 0 | 0 | 0 | 0 | 0 | 0 | 0 | 0 | 0 | 0 | 0 | 0 | 0 | 0 | 0 | 0 | 0 | 0 | 0 | 0 | 0 | 0 | 0 | 0 | 0 | 0 | 
0 | 0 | 0 | 0 | 0 | 0 | 0 | 0 | 0 | 0 | 0 | 0 | 0 | 0 | 0 | 0 | 0 | 0 | 0 | 0 | 0 | 0 | 0 | 0 | 0 | 0 | 0 | 0 | 
0 | 0 | 0 | 0 | 0 | 0 | 0 | 0 | 0 | 0 | 0 | 0 | 0 | 0 | 0 | 0 | 0 | 0 | 0 | 0 | 0 | 0 | 0 | 0 | 0 | 0 | 0 | 0 | 
0 | 0 | 0 | 0 | 0 | 0 | 0 | 25 | -128 | -4 | -3 | -4 | -115 | 37 | 0 | 0 | 0 | 0 | 0 | 0 | 0 | 0 | 0 | 0 | 0 | 0 | 0 | 0 | 
0 | 0 | 0 | 0 | 0 | 0 | 28 | -57 | -4 | -4 | -3 | -4 | -4 | -23 | -111 | 0 | 0 | 0 | 0 | 0 | 0 | 0 | 0 | 0 | 0 | 0 | 0 | 0 | 
0 | 0 | 0 | 0 | 0 | 0 | 85 | -4 | -4 | -4 | -27 | -41 | -4 | -4 | -4 | -60 | -126 | 0 | 0 | 0 | 0 | 0 | 0 | 0 | 0 | 0 | 0 | 0 | 
0 | 0 | 0 | 0 | 0 | 0 | 85 | -4 | -7 | -110 | 48 | 29 | 85 | -78 | -31 | -3 | -33 | -89 | 56 | 0 | 0 | 0 | 0 | 0 | 0 | 0 | 0 | 0 | 
0 | 0 | 0 | 0 | 0 | 0 | 86 | -3 | -31 | 0 | 0 | 0 | 0 | 0 | 0 | 114 | -18 | -3 | -94 | 0 | 0 | 0 | 0 | 0 | 0 | 0 | 0 | 0 | 
0 | 0 | 0 | 0 | 0 | 0 | 85 | -4 | -111 | 0 | 0 | 0 | 0 | 0 | 0 | 0 | 48 | -91 | -4 | -83 | 0 | 0 | 0 | 0 | 0 | 0 | 0 | 0 | 
0 | 0 | 0 | 0 | 0 | 0 | 85 | -4 | -33 | 0 | 0 | 0 | 0 | 0 | 0 | 0 | 0 | 7 | -125 | -4 | -31 | 71 | 0 | 0 | 0 | 0 | 0 | 0 | 
0 | 0 | 0 | 0 | 0 | 0 | 85 | -4 | -26 | 25 | 0 | 0 | 0 | 0 | 0 | 0 | 0 | 0 | 7 | -121 | -3 | -70 | 12 | 0 | 0 | 0 | 0 | 0 | 
0 | 0 | 0 | 0 | 0 | 0 | 76 | -10 | -4 | 112 | 0 | 0 | 0 | 0 | 0 | 0 | 0 | 0 | 0 | 0 | -3 | -4 | -108 | 0 | 0 | 0 | 0 | 0 | 
0 | 0 | 0 | 0 | 0 | 0 | 0 | -58 | -3 | -66 | 0 | 0 | 0 | 0 | 0 | 0 | 0 | 0 | 0 | 0 | -1 | -3 | -60 | 0 | 0 | 0 | 0 | 0 | 
0 | 0 | 0 | 0 | 0 | 0 | 0 | 57 | -4 | -4 | 63 | 0 | 0 | 0 | 0 | 0 | 0 | 0 | 0 | 0 | -3 | -4 | -61 | 0 | 0 | 0 | 0 | 0 | 
0 | 0 | 0 | 0 | 0 | 0 | 0 | 7 | -78 | -4 | -16 | 71 | 19 | 28 | 0 | 0 | 0 | 0 | 0 | 0 | -3 | -4 | -61 | 0 | 0 | 0 | 0 | 0 | 
0 | 0 | 0 | 0 | 0 | 0 | 0 | 0 | 38 | -91 | -3 | -23 | -48 | 84 | 0 | 0 | 0 | 0 | 0 | 0 | -3 | -4 | -91 | 0 | 0 | 0 | 0 | 0 | 
0 | 0 | 0 | 0 | 0 | 0 | 0 | 0 | 0 | 48 | -18 | -4 | -4 | -77 | 12 | 75 | 121 | 21 | 0 | 0 | -3 | -13 | 50 | 0 | 0 | 0 | 0 | 0 | 
0 | 0 | 0 | 0 | 0 | 0 | 0 | 0 | 0 | 0 | 51 | -18 | -3 | -3 | -66 | 114 | -3 | -28 | 47 | 79 | -1 | -88 | 0 | 0 | 0 | 0 | 0 | 0 | 
0 | 0 | 0 | 0 | 0 | 0 | 0 | 0 | 0 | 0 | 0 | -93 | -4 | -4 | -4 | -3 | -4 | -4 | 96 | -67 | -3 | -89 | 0 | 0 | 0 | 0 | 0 | 0 | 
0 | 0 | 0 | 0 | 0 | 0 | 0 | 0 | 0 | 0 | 0 | 10 | 60 | -32 | -4 | -3 | -4 | -54 | 84 | -4 | -3 | 122 | 0 | 0 | 0 | 0 | 0 | 0 | 
0 | 0 | 0 | 0 | 0 | 0 | 0 | 0 | 0 | 0 | 0 | 0 | 0 | 54 | -29 | -3 | -4 | -17 | -23 | -4 | 57 | 6 | 0 | 0 | 0 | 0 | 0 | 0 | 
0 | 0 | 0 | 0 | 0 | 0 | 0 | 0 | 0 | 0 | 0 | 0 | 0 | 0 | 48 | -18 | -4 | -4 | -4 | -19 | 0 | 0 | 0 | 0 | 0 | 0 | 0 | 0 | 
0 | 0 | 0 | 0 | 0 | 0 | 0 | 0 | 0 | 0 | 0 | 0 | 0 | 0 | 0 | 51 | -97 | -3 | -97 | 50 | 0 | 0 | 0 | 0 | 0 | 0 | 0 | 0 | 
0 | 0 | 0 | 0 | 0 | 0 | 0 | 0 | 0 | 0 | 0 | 0 | 0 | 0 | 0 | 0 | 0 | 0 | 0 | 0 | 0 | 0 | 0 | 0 | 0 | 0 | 0 | 0 | 
0 | 0 | 0 | 0 | 0 | 0 | 0 | 0 | 0 | 0 | 0 | 0 | 0 | 0 | 0 | 0 | 0 | 0 | 0 | 0 | 0 | 0 | 0 | 0 | 0 | 0 | 0 | 0 | 
0 | 0 | 0 | 0 | 0 | 0 | 0 | 0 | 0 | 0 | 0 | 0 | 0 | 0 | 0 | 0 | 0 | 0 | 0 | 0 | 0 | 0 | 0 | 0 | 0 | 0 | 0 | 0 | 
0 | 0 | 0 | 0 | 0 | 0 | 0 | 0 | 0 | 0 | 0 | 0 | 0 | 0 | 0 | 0 | 0 | 0 | 0 | 0 | 0 | 0 | 0 | 0 | 0 | 0 | 0 | 0 | 
